BVNS 2 258 73.21944832801819
VNDS 2 258 170.0618577003479
RVNS 2 259 60.23187565803528
GVNS 2 260 67.81677603721619
BVNS 3 260 125.80227732658386
VNDS 3 260 653.2660138607025
RVNS 3 259 60.1727077960968
GVNS 3 259 190.4599883556366
BVNS 4 257 606.6550536155701
VNDS 4 257 1811.9347751140594
RVNS 4 258 61.735026121139526
GVNS 4 259 496.7322106361389
BVNS 5 259 309.33929204940796
VNDS 5 258 2938.9545187950134
RVNS 5 260 60.1049165725708
GVNS 5 258 839.8796801567078
BVNS 6 258 316.0157160758972
VNDS 6 259 4806.617122173309
RVNS 6 258 60.08899688720703
GVNS 6 258 1705.0770258903503
