BVNS 2 64 9.57918643951416
VNDS 2 64 63.24800658226013
RVNS 2 64 60.609325885772705
GVNS 2 64 17.038100957870483
BVNS 3 64 39.4130597114563
VNDS 3 64 175.2436487674713
RVNS 3 64 60.410446643829346
GVNS 3 64 24.68313193321228
BVNS 4 64 96.30271124839783
VNDS 4 64 447.45042848587036
RVNS 4 65 60.43164873123169
GVNS 4 64 90.39708757400513
BVNS 5 64 129.46068501472473
VNDS 5 64 760.0204384326935
RVNS 5 64 60.37755012512207
GVNS 5 64 257.13092160224915
BVNS 6 64 121.93001675605774
VNDS 6 64 973.1517844200134
RVNS 6 64 60.10731291770935
GVNS 6 64 330.2736089229584
